-0.8610806130361364,0.34958928360677555,-2.745216633353203,-1.2654794090217096,-1.072828059382654,-0.8540827719436943,-0.15977581519478123,-2.1876621725386753,0.8585957378446505,0.6329937546007618,-1.3008012862973362,-1.2079808132475707,0.4451803060218154,-2.2461926902299947,1.115659849071613,0.3160268287857997,-2.2857742624297344,0.2700248576333637,2.6251760087633045,-2.188685323564826,2.199203202635905,-2.9196538148483375,2.2536555524160677,-2.8858799999807,-2.715604131928788,0.564547502270548,2.0180968507736816,2.195634026123738,-1.5591908456026324,-1.5918176634469596,-1.1202160303062045,2.501135670703275,-2.756428746791432,2.8500178540525125,2.136826623598643,2.7460347028535512,2.3512803414590575,-2.231106770028359,0.026933625577296463,-0.11937285601118042,0.4554913734430818,0.18879676308883475,1.6827880919249871,-2.1587714326244583,-0.07623507236725935,0.6805671265315432,2.291381426458833,0.04870507527138024
numHidden 	5
numGenes 	48
minGene 	-3.0
maxGene 	3.0
popSize 	200
maxEvaluations 	20000
mutateRate 	0.01
mutateChange 	0.05
seed 	1523813993106
random 	java.util.Random@300ffa5d
neuralNetworkClass 	class coursework.ExampleEvolutionaryAlgorithm
Training Set Training
Fitness 0.141508687289127