-1.3329495901979804,1.6114966522651697,1.6526753105110341,-0.8094860798211743,-2.3350514492106136,-1.7057831280782703,-1.6112477917529686,-0.14070949596899052,2.644061400934758,-2.569812065606164,0.3211301150547605,-1.7869977894870903,0.8908819766309577,2.11681211097239,-0.6544783198478417,-1.8594076063339597,-1.668448147660755,-0.9116238746831611,2.584774088393199,-2.6205045232653075,0.9140502527484653,-2.6265980691433466,-0.2990065338664506,1.6525014270953313,0.22342016483590932,0.498128344199829,-2.247775126751037,1.8444457812111885,2.1889071080551643,-1.6132981425375756,1.3226787228343762,-2.3183920383257943,2.003994762569663,-1.119870118535106,-1.3386439101971974,-1.2080713733982458,2.9799296499686383,1.7050433678538066,-0.6927182717469975,-2.723107306004566,2.2404379751165155,-1.730207273164314,1.4104157121405902,0.11616106936561543,-2.5100523622092865,-1.400610817266205,-2.724326853855996,-1.8962334963702252
numHidden 	5
numGenes 	48
minGene 	-3.0
maxGene 	3.0
popSize 	40
maxEvaluations 	20000
mutateRate 	0.01
mutateChange 	0.05
seed 	1523806552588
random 	java.util.Random@8d167f1
neuralNetworkClass 	class coursework.ExampleEvolutionaryAlgorithm
Training Set Training
Fitness 0.19127174168999214