2.2774041287113107,-2.4648144238495835,-1.714379366788446,-0.1501769140944278,-0.5470671562029912,-2.6330930074240175,-1.3434325068626944,-2.6765672215308554,1.7513508343211992,2.9091562156042654,-0.4005314219930895,2.1685420895700096,1.3609045827007784,-0.1762673074101267,0.9147464099405811,-0.08032220665168009,-1.3471797111449688,2.8913200567296755,1.464816231381399,-0.8868205839545356,0.1771642961116205,0.5571787383379148,-1.4308372847896202,-2.9577805068183096,2.665727506579058,1.0897038839354163,1.2868527248083095,0.42751461373714517,-0.24655960385962689,0.6292791141038108,-0.514701063600514,0.5481504086584661,-2.5986818944728363,0.9107123363593683,2.2093256837589896,-2.7234497391010737,-2.5370860950380347,-2.914094904879936,0.667321035526572,-2.1512723203688973,0.9327444009913206,1.0542591672111237,-1.3085059629724758,-1.3744270475899174,2.3491379567215613,0.7766897627408531,0.6569917217354235,0.9630318425989794
numHidden 	5
numGenes 	48
minGene 	-3.0
maxGene 	3.0
popSize 	40
maxEvaluations 	20000
mutateRate 	0.01
mutateChange 	0.05
seed 	1523809496750
random 	java.util.Random@2ebdb77c
neuralNetworkClass 	class coursework.ExampleEvolutionaryAlgorithm
Training Set Test
Fitness 0.1404165799191776